.Random.seed <-
c(403L, 10L, -1224096194L, 383306360L, -608741029L, -1945626439L, 
1341921544L, -1586164810L, -419772175L, 783359779L, -1972696718L, 
1450916804L, 390264711L, 157441373L, -735939756L, -516363910L, 
-313940795L, -2730465L, -399851098L, 1920578352L, -1190493741L, 
-1629181967L, -66961120L, 486612926L, -1018941495L, 1536237435L, 
909845834L, 588722604L, 1449077935L, 2125280869L, 1594052124L, 
36528242L, 685061869L, 792787751L, 1481275214L, -841695320L, 
-1476809813L, -626382647L, 525496536L, 938929542L, -26901407L, 
513263091L, 238126178L, -801307948L, 602637271L, 522656205L, 
-731116188L, -1342789302L, 163164341L, -657303537L, -1998507754L, 
1564363712L, 1568688003L, -1770232415L, -782669424L, 783766126L, 
1054131225L, 1210464427L, -1140405094L, 979029084L, -2067343009L, 
940550965L, -1074893108L, -361489374L, 157818493L, 524460919L, 
706460830L, 212519768L, 671280827L, 1829671001L, 174134248L, 
1868936726L, -620127855L, 1810954819L, -2015970990L, -2038682140L, 
614642727L, -85237635L, -1521406604L, -521387686L, 1118005157L, 
-291813441L, -1548649402L, -1932907824L, 1560614131L, -19959279L, 
239322176L, 781101086L, 427628265L, -973208549L, 596921386L, 
233877324L, -1893354225L, -1082116027L, -1434656260L, -191451054L, 
517585357L, 1235127175L, -855245202L, 751545928L, -262535093L, 
1579614633L, 1921629432L, -1130174426L, -243984063L, -1765329197L, 
-347890046L, 98649268L, -768009161L, -782983379L, -1942250428L, 
1718927722L, -949027371L, -736552081L, -849239434L, -1284393568L, 
1810793059L, 331162369L, 1685535344L, 92706318L, 945077881L, 
-168695285L, 1616519994L, -1088767428L, 980040063L, 664867541L, 
422675180L, 608588866L, -26113123L, -504618473L, 335591294L, 
1780651320L, -421789157L, 803793785L, 799518152L, 1175138806L, 
-958725071L, 1424791139L, -165082574L, 767047556L, 928884167L, 
-1945162595L, -305271788L, -483636550L, 1099139845L, -1464528673L, 
1410591078L, 1802558704L, -520353773L, 37182897L, -446302112L, 
-1542007298L, -348888695L, 1666619067L, -1172122998L, -1808716436L, 
-1274086673L, 801965349L, -1794903076L, -2144173646L, -973332307L, 
-1277300633L, -728148082L, 545054824L, -1781781397L, -1933052407L, 
-360327016L, -1377745978L, 1021400865L, 429372339L, -2076558558L, 
-788796140L, -655499881L, 614958477L, 1653900452L, 668657290L, 
-1993990923L, 1820394319L, -2034705322L, -1028235520L, -2062615997L, 
1519460833L, 1448224080L, -2135278674L, -1604961959L, 461014891L, 
1863800538L, -2110457956L, 1275743135L, -859409931L, 714065036L, 
1350823266L, -268525251L, 2143062455L, -1299616162L, -2109692008L, 
1919043323L, 190394009L, -207644888L, -1465684522L, 1859654225L, 
269322499L, -56990574L, 346094116L, 84124903L, 798013757L, -299151948L, 
1538904602L, -2003814043L, -1269086209L, 2105360006L, 49833488L, 
-1910678349L, 905738065L, 2103573248L, 1988256222L, -955143639L, 
-1777997349L, -306882838L, -1657809780L, 1914985423L, -1264618619L, 
322494524L, -1452183278L, -891070963L, 434775367L, -1689637074L, 
-24239480L, 637240203L, 1733745248L, 228719948L, 1571631392L, 
-474722686L, -1231444504L, -331054100L, 587381308L, 1175045746L, 
1258527600L, 1608880420L, -1546227144L, 1666152858L, 954289616L, 
-1716531780L, 1458410644L, -118556542L, 1727839680L, 150040380L, 
1322442896L, -140645598L, 1322699272L, 392038668L, 1655875996L, 
1500523026L, -599486592L, 1071598356L, -1171652312L, 759285818L, 
-98927664L, 1089498732L, -486256076L, 1400465042L, -979845792L, 
-1141864116L, 375165920L, -1311751774L, -1215227480L, 1678530188L, 
289177020L, 911790706L, -558797840L, -26885564L, -443895720L, 
425632826L, 1367151728L, -1744739268L, -454720236L, -1356428606L, 
1097316064L, 753306748L, -1326413104L, -166377054L, 1059503144L, 
245278476L, -5435972L, 1202046770L, 1162415808L, 1456877620L, 
265359048L, 2057521338L, 1768530576L, -775356692L, -2131445164L, 
2144956050L, -1492218592L, 1346291148L, -991203616L, 1749124290L, 
-879494104L, 2031612844L, 1321692860L, 2140248050L, 748280368L, 
-1149336668L, -1852518984L, -581660838L, 2124931216L, -1349677188L, 
-849619692L, -27571902L, 53613824L, -2073452100L, -1065712304L, 
-1084567262L, -1776602552L, 154633228L, -488467876L, -791222830L, 
-1671299584L, 1497889108L, 1785343208L, -187934470L, 2124839632L, 
-571818196L, -749812492L, 651009426L, 1739714912L, 796856332L, 
184248544L, 1629574754L, -1982492504L, -622411700L, 1802901372L, 
-784536270L, 2029104752L, 367605572L, 1940499416L, -1071700102L, 
1063593008L, 678815676L, 1927068244L, -1816168382L, 1645913760L, 
-576417092L, -2010214448L, 309825890L, -776115480L, 1480469708L, 
-931698180L, -425053710L, -2008960L, -1247199756L, -736990584L, 
1672898362L, -309550768L, 33603692L, 927057300L, -1064872878L, 
-480497184L, 1011929292L, 853007008L, 1870977410L, -23491352L, 
756503276L, 1175329084L, 851899506L, 937287280L, 1517168164L, 
-928765896L, -530172646L, 188289232L, -97673924L, -1384489068L, 
-1341726846L, -1241866304L, 556353084L, 1218308496L, 2044920866L, 
927365384L, -255691636L, 1775682332L, 1828616338L, 1873652096L, 
-304301036L, 1746853672L, 1184310842L, 404681168L, -495259284L, 
1315911604L, -2043863534L, 300811232L, 365184460L, 103638240L, 
-1685368798L, 1097946920L, -1891125748L, -904793284L, 1324266482L, 
1813711600L, -366187964L, 371394136L, 1824757562L, -1538165776L, 
206898876L, 14804244L, 1769296066L, 1606581344L, -1247102596L, 
1548916688L, 720353570L, -725635416L, -184362100L, 1909570748L, 
249995058L, -1517624768L, -2115664716L, -1313291192L, -1851385414L, 
-532021744L, 1932413164L, 1073076564L, 240383762L, 1331303840L, 
-97289524L, -550275488L, 2083168194L, 1402372904L, -936604244L, 
-171552452L, 1518223218L, 1355743536L, 1104686884L, -1248295624L, 
890772186L, 612829072L, 1299092220L, 671625108L, -483874750L, 
-1095426816L, 1173580860L, 714247504L, 862525602L, -400181432L, 
160634636L, 80726748L, -1597721774L, 1883935360L, -1562052524L, 
-1191375896L, -588695814L, -1483978416L, -1345109204L, 759596916L, 
2040071058L, 1044477536L, -1795043444L, -490917024L, 503025387L, 
-905211940L, 321786378L, 273331455L, -2059460279L, 1626952414L, 
1495744652L, -405415843L, 891377255L, -709736560L, -506098770L, 
-264850853L, 1675619901L, 1674457258L, 352162120L, 488281457L, 
1813537507L, -1505252892L, 1264092434L, 854178023L, 1148354225L, 
-1717721866L, 1509168916L, -1918640091L, -459066065L, -1234330904L, 
-2022172730L, -1466103181L, -1466065707L, -43213134L, -218331520L, 
-776819095L, -1520618789L, 1958981164L, 980430394L, 1267394799L, 
-1173589127L, -313999346L, 1081509340L, -816470451L, -1429215817L, 
599128896L, -1882670562L, -1141121813L, 1948083309L, 1157731546L, 
-1024303976L, 1721723649L, 828330163L, -763651116L, -2093013278L, 
438343543L, 1374984897L, -960632250L, -971168380L, -1828816075L, 
1716111647L, -696524680L, 1077435734L, -920714269L, 911220133L, 
1743290434L, -1536283088L, -614189479L, -1467551797L, -920760260L, 
-1949049238L, -256944993L, -1820879575L, -1860083266L, 2006229164L, 
-784599555L, 1216232775L, 1503286832L, -215367858L, 1742582651L, 
826455261L, 1119638794L, -1437249496L, 804471953L, 1282379907L, 
240091524L, -889729102L, 1283854599L, -1865514159L, -1811340586L, 
-695075916L, 1332396997L, -43216113L, -1827253880L, 922338470L, 
541987923L, 1563612597L, 1052744466L, -2127566624L, -320570039L, 
1970290555L, -592197044L, 1772721114L, -2092500529L, -1781338215L, 
290006958L, 1843031228L, 504595757L, 609973975L, -157843680L, 
1728813182L, 792682059L, 96236621L, -1998218630L, 473739960L, 
2020665441L, 1157896723L, 457773108L, -398340542L, -1417491881L, 
-1383712351L, -1825310106L, -1836324252L, 232692117L, -323423553L, 
1511000664L, -2089828746L, -231955837L, -282585403L, -372841502L, 
2004442704L, 1888373625L, -10362709L, -1221326820L, 418400074L, 
-735822017L, -1660214903L, -390323810L, 97458252L, -69299683L, 
953073575L, -214773040L, -1212652434L, 1018297115L, 124875901L, 
1156008554L, -268289272L, 1915622321L, -374205405L, -1724613340L, 
716995026L, -1180800473L, 1237939313L, 8334006L, 2070001236L, 
